1670701372250 0.6490533496737637 0
1670701372259 0.47339213641424266 1
1670701372267 0.3773585755038358 2
1670701372275 0.3174389103270162 3
1670701372284 0.28185364111199035 4
1670701372292 0.25496706869163044 5
1670701372300 0.2322285415645223 6
1670701372308 0.21810027006890634 7
1670701372316 0.2038154167117284 8
1670701372323 0.19968624221041267 9
1670701372331 0.18918495117493345 10
1670701372339 0.180929285743657 11
1670701372347 0.17563913298440179 12
1670701372355 0.17251022023755141 13
1670701372363 0.1666856118080627 14
1670701372371 0.1659487915258916 15
1670701372379 0.161296208874912 16
1670701372387 0.16026003296092298 17
1670701372395 0.1567727934763982 18
1670701372402 0.15483273000387465 19
1670701372411 0.1539258192001519 20
1670701372419 0.1545879133309112 21
1670701372427 0.15025446631510725 22
1670701372435 0.15044974948360243 23
1670701372443 0.1488322810576063 24
1670701372451 0.14897405474502765 25
1670701372459 0.14880427776213023 26
1670701372467 0.14632784186642545 27
1670701372475 0.14660517456938668 28
1670701372483 0.14500093285929844 29
1670701372491 0.145967341227132 30
1670701372498 0.14512220891930333 31
1670701372506 0.14725879460786626 32
1670701372514 0.14448337438998493 33
1670701372522 0.14381084385468393 34
1670701372530 0.14257910003991844 35
1670701372538 0.14363448781076302 36
1670701372546 0.1438760682315399 37
1670701372554 0.14462067000886772 38
1670701372562 0.1441022287813998 39
1670701372570 0.14337656411304273 40
1670701372577 0.14152864555526512 41
1670701372585 0.14296169551912966 42
1670701372593 0.14425213193185335 43
1670701372602 0.14348281794914328 44
1670701372610 0.14126446655810027 45
1670701372618 0.14263139635063274 46
1670701372625 0.14246506167717912 47
1670701372633 0.14391279350097452 48
1670701372641 0.14310934320696547 49
1670701372649 0.1427583088715454 50
1670701372657 0.14088962879712102 51
1670701372665 0.14224504152408063 52
1670701372673 0.14158065199889813 53
1670701372681 0.14108620849162198 54
1670701372689 0.1398171128864396 55
1670701372697 0.13981980398505234 56
1670701372705 0.1421463309044244 57
1670701372713 0.14062995259841893 58
1670701372720 0.14207415486276553 59
1670701372728 0.1398818205801244 60
1670701372736 0.14180388263392632 61
1670701372744 0.14053333537915605 62
1670701372752 0.1406318154331198 63
1670701372760 0.14123569773897554 64
1670701372768 0.1397830861525116 65
1670701372776 0.14100239192963573 66
1670701372784 0.13978920744249146 67
1670701372791 0.13896435725917144 68
1670701372799 0.13930746769945412 69
1670701372807 0.1402576368797315 70
1670701372815 0.1406706626461413 71
1670701372822 0.13902163830117312 72
1670701372831 0.14102610205207772 73
1670701372839 0.14025482341057866 74
1670701372847 0.14146249340372086 75
1670701372855 0.13973307307445465 76
1670701372863 0.1390380394039517 77
1670701372871 0.1372831004155863 78
1670701372879 0.14088740884878134 79
1670701372886 0.1396572839861169 80
1670701372894 0.13892648972015245 81
1670701372902 0.13947139684240342 82
1670701372910 0.13774730939144786 83
1670701372919 0.13813197698829496 84
1670701372927 0.13721241113020097 85
1670701372935 0.1362299318086951 86
1670701372943 0.13905192553964432 87
1670701372951 0.1397216731035662 88
1670701372958 0.13739885688776077 89
1670701372966 0.1376988377229861 90
1670701372974 0.13859860509074992 91
1670701372982 0.139254714892243 92
1670701372990 0.13918720066979118 93
1670701372998 0.13844621456416742 94
1670701373006 0.14020140863938424 95
1670701373014 0.1404018614014753 96
1670701373022 0.14088891866053802 97
1670701373030 0.13891508121787105 98
1670701373038 0.13832616219103297 99
