1670525970820 1.1829890806177445 0
1670525970832 1.0357672304945102 1
1670525970842 0.9279439097061482 2
1670525970852 0.843744872640143 3
1670525970861 0.7763646585130635 4
1670525970871 0.7211329321919712 5
1670525970881 0.6739679506329262 6
1670525970890 0.6336563961116568 7
1670525970900 0.5987883280695875 8
1670525970910 0.5676244986678926 9
1670525970920 0.5402691640567653 10
1670525970930 0.5156688399913282 11
1670525970940 0.49359579472085313 12
1670525970950 0.4738170670216947 13
1670525970959 0.455960710838409 14
1670525970969 0.43906382047458997 15
1670525970979 0.4240220222312956 16
1670525970989 0.41028194807343826 17
1670525970998 0.3968351820198201 18
1670525971008 0.3847773225360132 19
1670525971019 0.37319355383128083 20
1670525971032 0.36296856835834784 21
1670525971043 0.35304561044884164 22
1670525971053 0.34359429365052974 23
1670525971063 0.33486951952690863 24
1670525971074 0.326858059456195 25
1670525971084 0.31917171481838935 26
1670525971094 0.31192458642105453 27
1670525971104 0.30517100757658844 28
1670525971113 0.2987047790787566 29
1670525971123 0.2927149773010099 30
1670525971133 0.28695037779742544 31
1670525971143 0.2813039851844545 32
1670525971152 0.27586396091572996 33
1670525971162 0.27096951793591795 34
1670525971172 0.2661938939294638 35
1670525971181 0.26159565786451583 36
1670525971191 0.2572132732911107 37
1670525971201 0.2531191375709971 38
1670525971211 0.24912393677724068 39
1670525971221 0.24548647020530764 40
1670525971231 0.2418885456628682 41
1670525971241 0.2383872311420122 42
1670525971251 0.23493362862939624 43
1670525971261 0.2317663715351168 44
1670525971271 0.22873035684065926 45
1670525971281 0.22563001457166115 46
1670525971291 0.22281082586857504 47
1670525971302 0.2201019124079808 48
1670525971313 0.2176421420619142 49
1670525971323 0.21512743797425676 50
1670525971333 0.2127761843125124 51
1670525971344 0.21048586022898577 52
1670525971354 0.20824846258862773 53
1670525971364 0.20604226895171251 54
1670525971374 0.20397816038222907 55
1670525971383 0.2019293604218867 56
1670525971393 0.199940743181337 57
1670525971403 0.1979612383016575 58
1670525971413 0.19615521713347192 59
1670525971423 0.19444625305694407 60
1670525971433 0.19271923709418656 61
1670525971443 0.19110103482487553 62
1670525971453 0.1896348156077843 63
1670525971463 0.18806336283802336 64
1670525971473 0.18654570587567232 65
1670525971482 0.18509560663165792 66
1670525971492 0.18369143426875686 67
1670525971502 0.18237939651097904 68
1670525971514 0.18104887848828594 69
1670525971525 0.17978195285718646 70
1670525971535 0.17850279388158616 71
1670525971544 0.1773217171832842 72
1670525971554 0.176193024576462 73
1670525971564 0.17501113409689498 74
1670525971574 0.17396629683785184 75
1670525971583 0.1729097637842715 76
1670525971593 0.17191083172993013 77
1670525971602 0.17090229977083204 78
1670525971613 0.16996957530733084 79
1670525971650 0.16900523822041347 80
1670525971690 0.16805842076697158 81
1670525971700 0.16713523740018602 82
1670525971710 0.1662062710952456 83
1670525971719 0.1653709053662603 84
1670525971729 0.1645175135507718 85
1670525971739 0.16364622154822028 86
1670525971749 0.16283589483852218 87
1670525971758 0.16214060755738646 88
1670525971768 0.16132131150833556 89
1670525971778 0.16054680139807084 90
1670525971788 0.15989916038944493 91
1670525971798 0.15926219539538938 92
1670525971807 0.15855492846855088 93
1670525971817 0.15792120452409714 94
1670525971826 0.1572631625875919 95
1670525971836 0.15662959692874429 96
1670525971846 0.15605143300147759 97
1670525971856 0.1554550316183748 98
1670525971867 0.1548656924275078 99
