1670525837892 1.1829890806177445 0
1670525837902 1.0357672304945102 1
1670525837911 0.9279439097061482 2
1670525837921 0.843744872640143 3
1670525837931 0.7763646585130635 4
1670525837941 0.7211329321919712 5
1670525837950 0.6739679506329262 6
1670525837960 0.6336563961116568 7
1670525837969 0.5987883280695875 8
1670525837979 0.5676244986678926 9
1670525837988 0.5402691640567653 10
1670525837998 0.5156688399913282 11
1670525838007 0.49359579472085313 12
1670525838017 0.4738170670216947 13
1670525838026 0.455960710838409 14
1670525838035 0.43906382047458997 15
1670525838045 0.4240220222312956 16
1670525838054 0.41028194807343826 17
1670525838064 0.3968351820198201 18
1670525838073 0.3847773225360132 19
1670525838083 0.37319355383128083 20
1670525838093 0.36296856835834784 21
1670525838104 0.35304561044884164 22
1670525838116 0.34359429365052974 23
1670525838126 0.33486951952690863 24
1670525838136 0.326858059456195 25
1670525838147 0.31917171481838935 26
1670525838156 0.31192458642105453 27
1670525838166 0.30517100757658844 28
1670525838176 0.2987047790787566 29
1670525838186 0.2927149773010099 30
1670525838195 0.28695037779742544 31
1670525838205 0.2813039851844545 32
1670525838214 0.27586396091572996 33
1670525838224 0.27096951793591795 34
1670525838233 0.2661938939294638 35
1670525838243 0.26159565786451583 36
1670525838252 0.2572132732911107 37
1670525838262 0.2531191375709971 38
1670525838271 0.24912393677724068 39
1670525838281 0.24548647020530764 40
1670525838291 0.2418885456628682 41
1670525838302 0.2383872311420122 42
1670525838311 0.23493362862939624 43
1670525838321 0.2317663715351168 44
1670525838331 0.22873035684065926 45
1670525838340 0.22563001457166115 46
1670525838350 0.22281082586857504 47
1670525838359 0.2201019124079808 48
1670525838369 0.2176421420619142 49
1670525838378 0.21512743797425676 50
1670525838388 0.2127761843125124 51
1670525838400 0.21048586022898577 52
1670525838410 0.20824846258862773 53
1670525838420 0.20604226895171251 54
1670525838429 0.20397816038222907 55
1670525838439 0.2019293604218867 56
1670525838450 0.199940743181337 57
1670525838460 0.1979612383016575 58
1670525838470 0.19615521713347192 59
1670525838480 0.19444625305694407 60
1670525838490 0.19271923709418656 61
1670525838499 0.19110103482487553 62
1670525838509 0.1896348156077843 63
1670525838519 0.18806336283802336 64
1670525838529 0.18654570587567232 65
1670525838539 0.18509560663165792 66
1670525838548 0.18369143426875686 67
1670525838558 0.18237939651097904 68
1670525838567 0.18104887848828594 69
1670525838577 0.17978195285718646 70
1670525838587 0.17850279388158616 71
1670525838596 0.1773217171832842 72
1670525838606 0.176193024576462 73
1670525838615 0.17501113409689498 74
1670525838625 0.17396629683785184 75
1670525838634 0.1729097637842715 76
1670525838644 0.17191083172993013 77
1670525838653 0.17090229977083204 78
1670525838672 0.16996957530733084 79
1670525838682 0.16900523822041347 80
1670525838694 0.16805842076697158 81
1670525838704 0.16713523740018602 82
1670525838715 0.1662062710952456 83
1670525838724 0.1653709053662603 84
1670525838734 0.1645175135507718 85
1670525838744 0.16364622154822028 86
1670525838754 0.16283589483852218 87
1670525838763 0.16214060755738646 88
1670525838772 0.16132131150833556 89
1670525838782 0.16054680139807084 90
1670525838791 0.15989916038944493 91
1670525838801 0.15926219539538938 92
1670525838811 0.15855492846855088 93
1670525838820 0.15792120452409714 94
1670525838830 0.1572631625875919 95
1670525838839 0.15662959692874429 96
1670525838849 0.15605143300147759 97
1670525838858 0.1554550316183748 98
1670525838868 0.1548656924275078 99
