1670526492255 1.1829890806177445 0
1670526492266 1.0357672304945102 1
1670526492278 0.9279439097061482 2
1670526492287 0.843744872640143 3
1670526492298 0.7763646585130635 4
1670526492308 0.7211329321919712 5
1670526492318 0.6739679506329262 6
1670526492329 0.6336563961116568 7
1670526492339 0.5987883280695875 8
1670526492349 0.5676244986678926 9
1670526492358 0.5402691640567653 10
1670526492368 0.5156688399913282 11
1670526492378 0.49359579472085313 12
1670526492388 0.4738170670216947 13
1670526492398 0.455960710838409 14
1670526492407 0.43906382047458997 15
1670526492417 0.4240220222312956 16
1670526492427 0.41028194807343826 17
1670526492436 0.3968351820198201 18
1670526492447 0.3847773225360132 19
1670526492457 0.37319355383128083 20
1670526492469 0.36296856835834784 21
1670526492481 0.35304561044884164 22
1670526492491 0.34359429365052974 23
1670526492501 0.33486951952690863 24
1670526492511 0.326858059456195 25
1670526492521 0.31917171481838935 26
1670526492531 0.31192458642105453 27
1670526492541 0.30517100757658844 28
1670526492551 0.2987047790787566 29
1670526492561 0.2927149773010099 30
1670526492571 0.28695037779742544 31
1670526492581 0.2813039851844545 32
1670526492590 0.27586396091572996 33
1670526492600 0.27096951793591795 34
1670526492610 0.2661938939294638 35
1670526492620 0.26159565786451583 36
1670526492629 0.2572132732911107 37
1670526492639 0.2531191375709971 38
1670526492649 0.24912393677724068 39
1670526492659 0.24548647020530764 40
1670526492670 0.2418885456628682 41
1670526492682 0.2383872311420122 42
1670526492692 0.23493362862939624 43
1670526492704 0.2317663715351168 44
1670526492715 0.22873035684065926 45
1670526492725 0.22563001457166115 46
1670526492735 0.22281082586857504 47
1670526492745 0.2201019124079808 48
1670526492755 0.2176421420619142 49
1670526492765 0.21512743797425676 50
1670526492776 0.2127761843125124 51
1670526492786 0.21048586022898577 52
1670526492796 0.20824846258862773 53
1670526492806 0.20604226895171251 54
1670526492816 0.20397816038222907 55
1670526492826 0.2019293604218867 56
1670526492836 0.199940743181337 57
1670526492847 0.1979612383016575 58
1670526492857 0.19615521713347192 59
1670526492868 0.19444625305694407 60
1670526492879 0.19271923709418656 61
1670526492889 0.19110103482487553 62
1670526492900 0.1896348156077843 63
1670526492911 0.18806336283802336 64
1670526492922 0.18654570587567232 65
1670526492932 0.18509560663165792 66
1670526492943 0.18369143426875686 67
1670526492953 0.18237939651097904 68
1670526492963 0.18104887848828594 69
1670526492974 0.17978195285718646 70
1670526492984 0.17850279388158616 71
1670526492994 0.1773217171832842 72
1670526493004 0.176193024576462 73
1670526493014 0.17501113409689498 74
1670526493024 0.17396629683785184 75
1670526493045 0.1729097637842715 76
1670526493055 0.17191083172993013 77
1670526493072 0.17090229977083204 78
1670526493087 0.16996957530733084 79
1670526493101 0.16900523822041347 80
1670526493111 0.16805842076697158 81
1670526493121 0.16713523740018602 82
1670526493131 0.1662062710952456 83
1670526493141 0.1653709053662603 84
1670526493151 0.1645175135507718 85
1670526493161 0.16364622154822028 86
1670526493170 0.16283589483852218 87
1670526493180 0.16214060755738646 88
1670526493190 0.16132131150833556 89
1670526493200 0.16054680139807084 90
1670526493210 0.15989916038944493 91
1670526493220 0.15926219539538938 92
1670526493230 0.15855492846855088 93
1670526493239 0.15792120452409714 94
1670526493249 0.1572631625875919 95
1670526493259 0.15662959692874429 96
1670526493269 0.15605143300147759 97
1670526493279 0.1554550316183748 98
1670526493289 0.1548656924275078 99
