1670529237073 1.1829890806177445 0
1670529237083 1.0357672304945102 1
1670529237093 0.9279439097061482 2
1670529237103 0.843744872640143 3
1670529237113 0.7763646585130635 4
1670529237124 0.7211329321919712 5
1670529237134 0.6739679506329262 6
1670529237145 0.6336563961116568 7
1670529237155 0.5987883280695875 8
1670529237165 0.5676244986678926 9
1670529237175 0.5402691640567653 10
1670529237185 0.5156688399913282 11
1670529237195 0.49359579472085313 12
1670529237205 0.4738170670216947 13
1670529237215 0.455960710838409 14
1670529237225 0.43906382047458997 15
1670529237237 0.4240220222312956 16
1670529237247 0.41028194807343826 17
1670529237258 0.3968351820198201 18
1670529237269 0.3847773225360132 19
1670529237280 0.37319355383128083 20
1670529237292 0.36296856835834784 21
1670529237303 0.35304561044884164 22
1670529237313 0.34359429365052974 23
1670529237323 0.33486951952690863 24
1670529237334 0.326858059456195 25
1670529237344 0.31917171481838935 26
1670529237354 0.31192458642105453 27
1670529237364 0.30517100757658844 28
1670529237374 0.2987047790787566 29
1670529237384 0.2927149773010099 30
1670529237394 0.28695037779742544 31
1670529237404 0.2813039851844545 32
1670529237414 0.27586396091572996 33
1670529237423 0.27096951793591795 34
1670529237433 0.2661938939294638 35
1670529237443 0.26159565786451583 36
1670529237453 0.2572132732911107 37
1670529237462 0.2531191375709971 38
1670529237474 0.24912393677724068 39
1670529237485 0.24548647020530764 40
1670529237495 0.2418885456628682 41
1670529237506 0.2383872311420122 42
1670529237516 0.23493362862939624 43
1670529237526 0.2317663715351168 44
1670529237536 0.22873035684065926 45
1670529237545 0.22563001457166115 46
1670529237556 0.22281082586857504 47
1670529237566 0.2201019124079808 48
1670529237576 0.2176421420619142 49
1670529237586 0.21512743797425676 50
1670529237596 0.2127761843125124 51
1670529237606 0.21048586022898577 52
1670529237616 0.20824846258862773 53
1670529237626 0.20604226895171251 54
1670529237635 0.20397816038222907 55
1670529237645 0.2019293604218867 56
1670529237654 0.199940743181337 57
1670529237664 0.1979612383016575 58
1670529237674 0.19615521713347192 59
1670529237684 0.19444625305694407 60
1670529237695 0.19271923709418656 61
1670529237705 0.19110103482487553 62
1670529237715 0.1896348156077843 63
1670529237725 0.18806336283802336 64
1670529237735 0.18654570587567232 65
1670529237745 0.18509560663165792 66
1670529237755 0.18369143426875686 67
1670529237765 0.18237939651097904 68
1670529237775 0.18104887848828594 69
1670529237785 0.17978195285718646 70
1670529237795 0.17850279388158616 71
1670529237805 0.1773217171832842 72
1670529237814 0.176193024576462 73
1670529237824 0.17501113409689498 74
1670529237834 0.17396629683785184 75
1670529237844 0.1729097637842715 76
1670529237853 0.17191083172993013 77
1670529237863 0.17090229977083204 78
1670529237873 0.16996957530733084 79
1670529237895 0.16900523822041347 80
1670529237907 0.16805842076697158 81
1670529237920 0.16713523740018602 82
1670529237930 0.1662062710952456 83
1670529237941 0.1653709053662603 84
1670529237954 0.1645175135507718 85
1670529237964 0.16364622154822028 86
1670529237974 0.16283589483852218 87
1670529237983 0.16214060755738646 88
1670529237994 0.16132131150833556 89
1670529238004 0.16054680139807084 90
1670529238014 0.15989916038944493 91
1670529238024 0.15926219539538938 92
1670529238034 0.15855492846855088 93
1670529238044 0.15792120452409714 94
1670529238053 0.1572631625875919 95
1670529238063 0.15662959692874429 96
1670529238073 0.15605143300147759 97
1670529238082 0.1554550316183748 98
1670529238092 0.1548656924275078 99
